8.04000e+09 304.99
8.16800e+09 264.43
8.29600e+09 262.76
8.42400e+09 254.02
8.55200e+09 258.33
8.68000e+09 260.30
8.80800e+09 261.91
8.93600e+09 259.87
9.06400e+09 252.62
9.19200e+09 255.03
9.32000e+09 252.64
9.44800e+09 261.99
9.55200e+09 266.52
9.68000e+09 262.80
9.80800e+09 260.20
9.93600e+09 259.10
1.00640e+10 258.45
1.01920e+10 268.82
1.03200e+10 274.34
1.04480e+10 269.05
1.05520e+10 255.01
1.06800e+10 256.35
1.08080e+10 264.40
1.09360e+10 269.43
1.10640e+10 285.07
1.11920e+10 285.84
1.13200e+10 291.75
1.14480e+10 291.40
1.15760e+10 298.78
