1.20520e+10 409.61
1.21800e+10 375.03
1.23080e+10 366.38
1.24360e+10 355.57
1.25640e+10 365.30
1.26920e+10 362.06
1.28200e+10 351.25
1.29480e+10 348.01
1.30760e+10 349.09
1.32040e+10 345.68
1.32040e+10 332.36
1.34600e+10 316.76
1.35880e+10 320.73
1.37160e+10 327.63
1.38440e+10 326.66
1.39720e+10 332.61
1.41000e+10 339.54
1.42280e+10 350.94
1.43560e+10 350.94
1.44840e+10 323.71
1.46120e+10 331.85
1.47400e+10 329.36
1.48680e+10 329.00
1.49960e+10 343.44
1.51240e+10 334.65
1.52520e+10 348.20
1.53800e+10 348.91
1.55080e+10 352.63
1.56360e+10 361.63
1.57640e+10 353.26
1.58920e+10 352.88
1.60200e+10 369.80
1.61480e+10 382.38
1.62760e+10 375.10
1.64040e+10 370.92
1.65320e+10 375.52
1.66600e+10 391.84
1.67880e+10 401.60
1.69160e+10 401.77
1.70440e+10 399.64
1.71720e+10 395.95
1.73000e+10 414.63
1.74280e+10 412.13
1.75560e+10 406.47
1.76840e+10 409.79
1.78120e+10 420.16
1.79400e+10 439.38
1.80680e+10 451.30
