9.48190e+08   969.08
9.57750e+08   826.54
9.79880e+08   757.28
9.87880e+08   738.72
9.95250e+08   713.95
9.95880e+08   679.28
1.00575e+09   662.40
1.00606e+09   610.48
1.01250e+09   600.68
1.02019e+09   602.06
1.02019e+09   595.65
1.03713e+09   544.26
1.04403e+09   529.01
1.05219e+09   486.46
1.07163e+09   474.10
1.07922e+09   475.41
1.10156e+09   460.26
1.10800e+09   449.97
1.11788e+09   433.35
1.13378e+09   421.89
1.14556e+09   436.42
1.15606e+09   437.75
1.19375e+09   400.00
1.19575e+09   425.67
1.20094e+09   426.68
1.20094e+09   435.30
1.21238e+09   424.20
1.23563e+09   403.12
1.24019e+09   367.74
1.26356e+09   349.96
1.27406e+09   345.02
1.28206e+09   343.10
1.28975e+09   347.69
1.29775e+09   343.48
1.30175e+09   344.31
1.30575e+09   347.53
1.31375e+09   344.44
1.31713e+09   339.88
1.32700e+09   354.48
1.33313e+09   339.91
1.34175e+09   353.94
1.34975e+09   340.37
1.37313e+09   332.22
1.38113e+09   350.30
1.38850e+09   335.05
1.39931e+09   364.19
1.40513e+09   348.32
1.41438e+09   354.55
1.42300e+09   352.19
1.43531e+09   374.29
1.44050e+09   377.91
1.45194e+09   374.62
1.45650e+09   385.50
1.46872e+09   416.32
1.47281e+09   405.20
1.48425e+09   406.74
1.48866e+09   411.48
1.50041e+09   412.92
1.50450e+09   419.54
1.51578e+09   449.31
1.61247e+09   422.52
1.63406e+09   401.17
1.65069e+09   403.43
1.65931e+09   410.68
1.66513e+09   415.03
1.69603e+09   420.68
1.70794e+09   425.57
1.71203e+09   444.27
1.72394e+09   440.65
1.72756e+09   438.54
1.73978e+09   437.08
1.74381e+09   454.50
1.75563e+09   441.96
1.75972e+09   436.44
1.77147e+09   432.24
1.79406e+09   400.56
1.80269e+09   402.92
1.81006e+09   377.67
1.82606e+09   388.22
1.83406e+09   394.52
1.84206e+09   372.19
1.85006e+09   384.29
1.85806e+09   391.26
1.86606e+09   367.59
1.87406e+09   375.86
1.88206e+09   346.45
1.89006e+09   382.72
1.89806e+09   353.77
1.90403e+09   381.83
1.91563e+09   367.03
1.92081e+09   362.44
1.95203e+09   403.75
1.96316e+09   447.08
1.98000e+09   439.12
1.99547e+09   461.79
2.00019e+09   446.73
2.01178e+09   463.28
2.01713e+09   496.90
2.02591e+09   643.71
